[Walking Config]
x_offset=0.000000
y_offset=30.000000
z_offset=15.000000
roll_offset=0.000000
pitch_offset=0.000000
yaw_offset=0.000000
hip_pitch_offset=12.200000
period_time=600.000000
dsp_ratio=0.180000
step_forward_back_ratio=0.240000
foot_height=38.000000
swing_right_left=19.000000
swing_top_down=6.000000
pelvis_offset=3.000000
arm_swing_gain=1.500000
balance_knee_gain=0.330000
balance_ankle_pitch_gain=2.070000
balance_hip_roll_gain=0.750000
balance_ankle_roll_gain=2.160000
p_gain=8
i_gain=0
d_gain=0
