[Walking Config]
x_offset=0.000000
y_offset=0.000000
z_offset=15.000000
a_offset=0.000000
p_offset=3.100000
r_offset=0.000000
period_time=600.000000
dsp_ratio=0.180000
step_forward_back_ratio=0.280000
foot_height=38.000000
swing_right_left=19.000000
swing_top_down=6.000000
pelvis_offset=3.7500000
arm_swing_gain=1.1500000
balance_knee_gain=0.330000
balance_ankle_pitch_gain=0.750000
balance_hip_roll_gain=0.750000
balance_ankle_roll_gain=1.500000
hip_pitch_offset=13
p_gain=32
i_gain=0
d_gain=0
